33520549
33520547
33520545
33520543
33520541
33520539
33520537
33520535
33520533
33520531
33520529
33520527
33520525
33520523
33520521
33520519
33520517
33520515
33520513
33520511
33520509
33520507
568801616
568801614
568801612
568801610
568801608
568801606
568801604
568801602
568801600
568801598
568801596
568801594
568801592
568801590
568801588
568801586
568801584
568801582
568801580
568801578
568801576
568801574
568801572
568801570
568801568
568801566
568801564
568801562
568801560
568801558
568801556
568801554
568801552
568801550
568801548
568801546
568801544
568801542
568801540
568801538
568801536
568801534
568801532
568801530
568801528
568801526
568801524
568801522
568801520
568801518
568801516
568801514
568801512
568801510
568801508
568801506
568801504
568801502
568801500
568801498
568801496
568801494
568801492
568801490
568801488
568801486
568801484
568801482
568801480
568801478
568801476
568801474
568801472
568801470
568801468
568801466
568801464
568801462
568801460
568801458
157280788
157280786
157280784
157280782
157280780
157280778
157280776
157280774
157280772
157280770
157280768
157280766
157280764
157280762
157280760
157280758
157280756
157280754
157280752
157280750
157280748
157280746
157280744
157280742
